0.5,0.0,0.0,-37.4,33,-23.6,29.6,-33.8,18.6,-37.4,33
0.0,0.5,0.0,-11.6,27.4,-12.6,3.8,-6,9.6,-11.6,27.4
0.0,0.0,0.5,36.6,40,22.4,12.6,5.6,35.2,36.6,40
0.0,0.5,0.5,-41,6.2,-40,1,-36,3,-41,6.2
0.5,0.0,0.5,-18,-19,-31.8,-10,-34.6,-20,-18,-19
0.5,0.5,0.0,-9,-34.6,-6.4,-23.4,-1.8,-36,-9,-34.6
0.7,0.2,0.0,4.2,-14,3.8,-1,20.8,-12.2,4.2,-14
0.7,0.2,0.0,36,-43.8,29,-43.6,39.4,4.6,36,-43.8
0.4,0.1,0.2,0,23,8,27,9,35,2,34,0,23
0.2,0.2,0.5,0,-34,-8,-38,-9,-46,-2,-45,0,-34
0.2,0.8,0.4,0,0,7,3,8,11,2,11,0,0
||
0.5,0.5,0.0,-36.6,33,-39.8,33.8,-42.8,32.4,-43.2,30.4,-41,28.8,-39.4,28.2,-37.8,27.6,-37.8,25.4,-39.6,25,-41.6,25.2,-43,26,-43,24.6,-39.6,23.8,-37,24.8,-36.2,26,-37.2,28.6,-41.4,30,-41.6,31.8,-39.2,32.6,-36.6,31.8,-36.6,33
0.4,0.4,0.4,-34.4,33.4,-34.4,24.2,-33.4,24,-33.4,28.6,-28.6,28.6,-28.6,24,-27.2,24,-27.2,33.2,-28.4,33.4,-28.2,29.6,-33.2,29.8,-33.4,33.4,-34.4,33.4
0.2,0.4,0.1,-25.4,33.4,-25.2,33.4,-24,32.4,-24,25.2,-25.2,25.2,-25.4,24.2,-21.8,24.2,-21.6,25,-22.8,25.2,-23,32.4,-21.6,32.6,-21.6,33.4,-25.4,33.4
0.7,0.4,0.1,-19.8,33.4,-19.8,24.2,-15.4,24.2,-13,25.8,-12.6,26.8,-13.4,28.8,-14.4,29.4,-13.8,30,-13.4,31.4,-14.6,33.2,-15.2,33.4,-19.8,33.4
0.7,0.4,0.1,-18.6,32.4,-18.6,29.8,-16,29.8,-14.8,30.6,-14.6,31.8,-15.4,32.4,-18.6,32.4
0.7,0.4,0.1,-18.6,28.6,-18.6,25.2,-15.6,25.2,-14.2,26,-14.2,27.8,-15.4,28.6,-18.6,28.6
0.7,0.0,0.1,-8.8,33.4,-12.2,24.2,-10.8,24.2,-10.2,26.6,-5.8,26.6,-5,24,-3.6,24.2,-7.4,33.4,-8.8,33.4
0.7,0.0,0.1,-8,32.2,-9.6,27.8,-6.6,27.8,-8,32.2
0.2,0.3,0.8,-2.6,33.4,-2.6,26.6,-1.8,24.8,-0.4,24,1,23.8,3,24.4,4.2,25.8,4.6,27,4.6,33.4,3.4,33.4,3.4,26.8,2,25.2,-0.2,25.2,-1.4,26.6,-1.4,33.4,-2.6,33.4
0.4,0.2,0.1,7,33.4,7,24.2,8.2,24.2,8,27.8,10,28,13,24.2,14.4,24.2,11.2,28.2,12.6,29,13.2,30.8,12.4,32.6,10.6,33.4,7,33.4
0.4,0.2,0.1,8,32.4,8,29,10.4,29,11.6,29.8,11.6,31.8,10.4,32.4,8,32.4
0.7,0.6,0.1,18.2,33.4,14.6,24.2,16,24.2,16.8,26.6,20.8,26.6,21.8,24,23.2,24.2,19.6,33.4,18.2,33.4
0.7,0.6,0.1,19,32.2,17.2,27.8,20.4,27.8,19,32.2
0.0,0.0,0.7,-1.8,15.6,-5.8,14.6,-7.6,12.8,-7.2,10,-5.4,8,-3.4,7.4,0.4,7.4,2.8,8.6,3.8,10.6,3.8,13.4,2,14.8,-0.4,15.6,-1.8,15.6
0.0,0.0,0.7,-8,-8.4,-8.2,-2,4,-2,4,-8.6
0.0,0.0,0.7,-8,-11,-8,-26.6,4.4,-26.6,4.4,-11.2
0.0,0.4,0.1,-2,4.8,-10,4.4,-15.6,3,-19.6,1,-22.2,-0.8,-22.6,-3.4,-21.6,-6.2,-17.8,-8.2,-12.8,-10,-8,-11,-2,-11.4,4.4,-11,10.2,-10,15.4,-7.8,18.4,-5.4,19.2,-2.6,16.6,0.8,13.6,2.6,10.4,3.6,4.4,4.8,-2,4.8
0.0,0.4,0.1,-1.8,2.8,-8,2.2,-13.6,-0.4,-15,-4,-12,-7,-8,-8.6,-2.2,-9.4,4,-8.8,9,-6.8,11.4,-4.6,11,-1.4,7.6,1,3.4,2.8,-1.8,2.8
0.0,0.4,0.1,-8.2,-18.4,-16,-20.2,-20.8,-22.4,-22.6,-26,-21.2,-29.4,-16.8,-32,-11.2,-33.6,-5.4,-34.4,3.6,-34,11,-32.8,16.8,-29.8,18.8,-27,17.8,-23.4,13.8,-20.4,9.8,-19.2,4.2,-18.4
||
0.5,0.0,0.0,-50,-50,-50,0,0,-50,0,0,50,-50,50,0,100,-50
0.5,0.0,0.5,-75,-50,-75,0,-25,-50,-25,0,25,-50,25,0,75,-50
0.5,0.5,0.0,-50,0,-50,50,0,0,0,50,50,0,50,50,100,0
0.0,0.5,0.5,-75,0,-75,50,-25,0,-25,50,25,0,25,50,75,0
||
0.5,0.5,0.0,-48.8,48.4,-48.8,27,-25.6,10.2,-25.6,31.6,-48.8,48.4
0.5,0.0,0.0,-48.8,4,-48.8,-17.4,-25.6,-34.2,-25.6,-12.8,-48.8,4
0.9,0.4,0.9,0.2,4,0.2,-17.4,23.4,-34.2,23.4,-12.8,0.2,4
0.2,0.6,0.2,0.2,48.4,0.2,27,23.4,10.2,23.4,31.6,0.2,48.4
0.1,0.0,0.5,-24.2,9.6,-24.2,-11.2,-1,5.2,-1,25.8,-24.2,9.6
0.0,0.7,0.5,24.4,9.6,24.4,-11.2,47.6,5.2,47.6,25.8,24.4,9.6
0.4,0.2,0.1,-24.9,-50.0,-24.9,50.0
0.4,0.2,0.1,23.9,-50.0,23.9,50.0
||
0.5,0.5,0.0,-14.6,35.8,-16.4,36.2,-19,36.4,-20.8,35,-21,33,-19.8,31.4,-17.4,30.8,-15.4,29.6,-16.4,28,-18.6,27.6,-21.2,28.8,-21.2,27.4,-19,26.6,-16.8,26.6,-14.8,27.6,-14.2,28.8,-14.4,30.8,-16.2,31.8,-17.6,32.2,-19.6,33,-19.8,34.4,-18.4,35.4,-15.6,35,-14.6,34.4,-14.6,35.8
0.5,0.5,0.0,-7.6,33.4,-10,34,-12.6,32.8,-13.4,30.8,-12.8,28.4,-11.6,27,-9.8,26.6,-7.6,27.2,-7.6,28.4,-9.6,27.6,-11.6,28.6,-12,30.8,-11.2,32.4,-9.8,33,-7.6,32.2,-7.6,33.4
0.5,0.5,0.0,-3.8,34,-6,32.8,-6.8,31,-6.6,28.6,-5.4,27.4,-3.8,26.6,-1.6,27.2,-0.6,28.6,-0.2,30.4,-0.8,32.4,-2.2,33.8,-3.8,34
0.5,0.5,0.0,-3.6,33,-5.2,32.2,-5.6,30.2,-5.2,28.4,-4.2,27.6,-2.8,27.6,-1.6,29,-1.6,31.6,-2.4,32.8,-3.6,33
0.5,0.5,0.0,1.2,33.8,1.2,26.8,2.4,26.8,2.4,32,4.2,33,5.8,32.2,5.8,26.8,6.8,26.8,7,32.2,8.4,33,9.6,33,10.2,32.2,10.2,26.8,11.4,26.8,11.4,32.2,10,34,8.4,34,6.8,33,5.4,34,4,34,2.4,33.2,2.4,33.8,1.2,33.8
0.5,0.5,0.0,13.6,36.8,13.4,26.8,14.6,26.8,14.6,27.2,15.8,26.4,17.2,26.6,19,27.8,19.6,29.8,19.4,32.2,18.2,33.6,16.6,34,14.6,33.2,14.6,36.8,13.6,36.8
0.5,0.5,0.0,14.6,32,14.8,28,16.4,27.6,17.8,28.2,18.6,29.8,18.4,31.6,17.4,33,15.6,32.8,14.6,32
0.4,0.2,0.0,-2.8,-15.8,-8.4,-20.6,-6.8,-20.6,-6.8,-33.6,0.8,-33.6,0.8,-20.6,2.8,-20.6,-2.8,-15.8
0.4,0.2,0.0,-3,-12.8,-14.4,-23,-9.2,-23,-9.2,-35.6,3.2,-35.6,3.2,-23,8.4,-23,-3,-12.8
0.4,0.7,0.4,-9,-25.4,-14.4,-26.6,-18.6,-25.2,-21,-22.4,-21.2,-19.2,-24.6,-16.8,-25.6,-14.6,-25.2,-11.2,-23.2,-9.2,-19.2,-7.8,-18.4,-4.6,-16.8,-2.6,-13.8,-1,-10.4,-0.8,-9.2,1.6,-6.6,3.6,-4,4.2,-0.2,3.6,2.2,1.8,3.6,-0.8,7.2,-1,10.4,-2.8,12.2,-4.6,12.4,-7.6,16.2,-8.4,19.6,-11.4,20.2,-15,18,-18,14.8,-19.4,14,-23.8,10.4,-26,7,-26.4,3.2,-25.4
||
0.7,0.0,0.0,0,5,-5,0,0,-5,5,0,0,5
0.7,0.35,0.0,0,10,-10,0,0,-10,10,0,0,10
0.7,0.7,0.0,0,15,-15,0,0,-15,15,0,0,15
0.0,0.7,0.0,0,20,-20,0,0,-20,20,0,0,20
0.0,0.7,0.7,0,25,-25,0,0,-25,25,0,0,25
0.0,0.0,0.7,0,30,-30,0,0,-30,30,0,0,30
0.2,0.0,0.2,0,35,-35,0,0,-35,35,0,0,35
0.4,0.0,0.4,0,40,-40,0,0,-40,40,0,0,40
0.0,0.0,0.7,0,45,-45,0,0,-45,45,0,0,45
0.0,0.7,0.7,0,50,-50,0,0,-50,50,0,0,50
0.0,0.7,0.0,0,55,-55,0,0,-55,55,0,0,55
0.7,0.7,0.0,0,60,-60,0,0,-60,60,0,0,60
0.7,0.35,0.0,0,65,-65,0,0,-65,65,0,0,65
0.7,0.0,0.0,0,70,-70,0,0,-70,70,0,0,70
